0.20710678273549502
0.2071068050746924
0.20710678122533874
0.20710679925907832
0.20710678127336543
0.20710679411628452
0.2071067812301846
0.2071067815449485
0.2071067991406812
0.20710678167421936
0.3049514126438807
0.3049514344205648
0.30495141131483183
0.3049514117047178
0.3049514163518003
0.30495142959109384
0.304951405425482
0.41421356236749335
0.4142135752888892
0.4142135624516648
0.41421356378710983
0.41421356237363155
0.4142135624591151
0.3647618674956241
0.41421356524157005
0.6213203435367087
0.4538019658929671
0.4142135623741252
0.6213203438176484
0.45735310881855995
0.47213059173101973
0.47405899411684416
0.456422035915539
