-5.92826066014851e-10
-9.269152015378701e-09
1.000987981392143e-08
-5.223372845364338e-09
2.7821607517797275e-10
-1.049607012415521e-09
1.8515214540021363e-06
-2.907553225961479e-09
6.289582590857101e-09
9.751232432630985e-09
0.03138375906198626
0.03122257777607071
0.0312765375707363
0.03128936375022241
0.03138080425316496
0.030712420419137527
0.03132944477303514
0.032528151375913444
0.0273257587243105
0.032616226160139684
0.03252139034785871
0.03263592491024961
0.03521278147771177
0.04172569934199968
0.018583967682892368
0.014846076587471224
0.028504389281719732
0.03781180013073239
0.02791997847263423
0.020153274958110673
0.031849692148658466
0.03522401550602419
0.030067047736036134
