5.0962004959770324e-08
7.029356766802275e-08
3.1931987921896e-08
2.7639723201161592e-08
7.259860795166828e-08
1.9583698648850678e-07
2.3801547958252067e-08
6.669916880613913e-08
1.0088293929400027e-08
4.406649582733291e-08
0.05498126737471621
0.05498127174277386
0.05498126275542421
0.054981225866031644
0.05498136808074765
0.054981127059500264
0.05498132117590532
0.05467519838970091
0.05467492676786337
0.054675057816603825
0.05467498748983987
0.07000685423235076
0.07000673453734912
0.08477624130746962
0.07092968402545365
0.061903614528197815
0.0757657546954425
0.07581715864320525
0.07193786010753472
0.06990454074955262
0.07546552470822757
0.08045177381644009
0.068121938053092
