0.20710679084304073
0.20710678634255195
0.2646101811513451
0.2649569097530565
0.26764016438002086
0.27044476213970314
0.26620307202284976
0.26879858293951464
0.26561223186755517
0.2664415484199371
0.41421357827688693
0.4142135624492568
0.30495141598027026
0.4142135624913358
0.4142135645202463
0.41421356240750573
0.41421356736109993
0.3103478947964973
0.30849019743027334
0.4142135602051262
0.4142135605904206
0.4168821155728818
0.4142135579309436
0.4142135598929528
0.444809822913655
0.44480982308426587
0.41483272356056494
0.41468013674539694
0.43354262048193554
0.4326224314433437
0.41421356235983975
0.41421356237457707
0.3521341709092325
0.44516643930265526
0.48825836306548853
0.4397979186529859
0.43709733362951864
