-1.0735257821581357e-09
-5.936227759351098e-10
0.020796314713004638
0.009261552981157757
0.026296339286963982
0.027650092398715173
0.01068782471194113
0.012133358867908534
0.010392209490399873
0.011901878518409025
0.04057619398615003
0.016582998641974267
0.03036182576946602
0.03426681108525918
0.033731462136711465
0.035574743758896216
0.015015450407834696
0.03313324674281867
0.03189420572724723
0.02024077724190665
0.016131677062132116
0.03532935046249458
0.03993370253600925
0.03720227597810802
0.034249762471423154
0.03242280529168054
0.0312047779145617
0.030037432024641705
0.03013229147049651
0.028282179003841952
0.020138315262106327
0.03480876398208954
0.03341511411958754
0.033718542915539586
0.029158154642996266
0.030209089204569183
0.029228431994374672
