3.302920879855176e-08
1.4465018533665885e-07
0.07487196948119745
0.0748719663042375
0.07487197787505229
0.07487203881494794
0.07487197091665329
0.07487205145558679
0.07487198724140043
0.0748720072725661
0.11493114555254459
0.1149310170908909
0.05498112137677142
0.09121736207779287
0.09121731203243541
0.11849239931476052
0.118492430169301
0.09270989212811462
0.09270991528704439
0.12231367940520346
0.1218467629827128
0.09998657229509325
0.12231381635237931
0.12184678475277635
0.08328515158054829
0.08328522733536929
0.09262812759635544
0.09262812296146061
0.10635332812780902
0.10635323570167797
0.09711394483400368
0.09711412710454734
0.10877677747811244
0.09166290851230968
0.104544273497405
0.112741603928403
0.11173475669136923
