0.0001295073252298995
0.011640093759782338
0.010848222392983789
0.01484929963871573
0.024146269980679744
0.024105571334772147
0.018316113129742045
0.017491506831027112
0.025133456737172558
1.0378874286760147
0.022603686116748747
1.0127668646343333
0.010431875908028881
0.03262934847147575
0.04462924305827631
0.015725400603401357
0.012563027368783657
1.0336717145517276
0.020480267685842365
0.021105760630509424
0.04100465109001983
0.015514314336299795
0.02420608333236473
0.01915785456367368
