0.2071068032920834
0.2071067815901622
0.20710679553654793
0.2656776445231116
0.26834054986210665
0.2656873800134085
0.268390095418531
0.2635892600435367
0.26531844998646636
0.26360194279032473
0.2655052532843211
0.26814316147936534
0.2653300316507671
0.26551437340419876
0.26819152702795657
0.41421357720049423
0.4142135624622262
1.3984984272145673
0.3991819573233585
1.398126598359417
0.39821623619552116
0.41421356238804635
0.41421358024869065
0.41421359962453597
0.43649168690196716
0.41421356238941903
0.43649172250853646
1.3984957640442974
0.39914511177547585
0.43649168163316987
0.4364916988635167
1.3984804620215936
1.3981057864636588
0.4142135633814688
0.41421356238148066
0.43649169670607296
0.39930729586137037
1.398458193971681
0.4364917173847266
0.43649167587080195
0.4364917164625124
0.39831707625815327
1.3982250399746075
0.41421359312609113
0.4364917043715926
0.41421360917657246
1.3984771696498892
0.3992649291606809
1.3984575234294319
0.4142136064698109
0.4142136023677145
0.39924844527241893
0.39831239247946726
0.43649169250919473
0.3992101434775583
0.2653430222776361
0.2653371301203805
0.26532110141120635
0.3281023299006818
0.32318454663585006
0.3267190059437547
0.41818427202396713
1.4229345604644426
0.32565300092539634
0.3265905092984705
0.4364916716133779
0.4364916683177075
0.32817049200865867
0.3262292019995989
0.41804626227844965
0.43649167336960043
0.32983209605906494
0.32743475655157017
1.4250826366301907
1.426084411580371
1.4249602437697
0.41780228970962174
0.41795269213648556
0.4177467219025466
1.4230491986284388
0.4183687216124202
1.3984977608669589
0.39935055843642375
0.39925008793490835
1.398145970292823
1.3984621011793301
0.39913841342220285
1.3977421214813444
0.3982176701595627
1.3978807317563535
0.3979121059859648
1.3982178797449698
0.3979304382386539
0.3983113289697797
1.398107858228358
0.398315894757028
0.39774839165545123
1.397477183036829
0.3977570234453345
0.4364917024087336
0.43652244727534095
0.4365172194612958
0.4364927689823783
0.4364916880380012
0.4365660661657335
0.4364916777830038
0.32475005354910663
0.3285762909065192
0.43649202470561377
0.4365567549390399
0.43651307023058894
0.43651743582827607
0.417846737219027
0.4176356353121617
0.4177023316982291
0.41822721021654463
1.3984948620719402
0.39930645532307907
0.3992115649386564
1.3981387142395036
1.3984614588478452
0.39910301455277974
0.4364919826557564
1.3977329886999734
0.39790854757520205
0.3979271510739185
0.3283973044054599
0.43649171940771647
1.4791846402447615
0.4783804555754658
1.3977652402297147
1.3974961341091876
0.436491720812565
1.4790319609839309
0.4365793878273345
1.3977569279904534
0.3979069603581715
0.39774741144109643
0.43660563141867087
0.39790388472764937
0.4142135708204646
0.41421356240380414
0.41421356970714235
1.4227170158357805
0.41804630175011276
0.4168788016891065
1.424971560616356
1.4259557270049006
1.424841618271861
1.4228261187759634
0.4177024670611197
0.417847029538918
0.4176358800710988
0.418227286405422
0.4168378709225805
0.4166960684345186
0.4166481071786462
0.4170052940356474
