3.867220418896089e-09
4.741372877647976e-08
2.3111322647317856e-09
0.12500004651968522
0.12500006360653426
0.12500018823992087
0.12500006466054567
0.12500003920739158
0.1250001149208847
0.12500004350038654
0.1250000338732056
0.1250002149995146
0.12500013222638937
0.12500019696166237
0.12500004480590046
0.15213329282510954
0.15213343786411263
1.1309109259717856
0.13091097034865284
1.1309112019093737
0.1309110088493027
0.1521332876274992
0.15213328595614328
0.1521332933146948
0.12820185239950202
0.15213335445757495
0.12820208873424943
1.130911015666802
0.13091090979525544
0.12820186743746215
0.12820185704185366
1.1309111989833704
1.1309109210553736
0.15213328101875953
0.15213328740643703
0.1282018646066706
0.13091091893105655
1.1309110351554792
0.12820184933735765
0.12820184518386232
0.12820193467804958
0.13091091265081178
1.130910953849138
0.15213328818281588
0.12820191007026735
0.15213328139660903
1.1309109059951499
0.13091090446367704
1.1309109176843088
0.15213328033256843
0.15213328444055524
0.13091102385804188
0.13091103481151845
0.12820206848866933
0.13091090587419849
0.07487197635621862
0.07487195799543982
0.07487198148200402
0.07466547357442119
0.07466548324355192
0.07466545987530028
0.14359762127573658
1.143597595565979
0.07466556130326583
0.07466550673885855
0.1286422132654752
0.12864221021431677
0.07466550531615448
0.07466555191798359
0.14359756872788124
0.1286422077261226
0.07466546719144727
0.0746654613241936
1.143597648329594
1.1435976504882779
1.1435976413919693
0.14359762757071565
0.14359766622452236
0.14359766927936027
1.143597576235568
0.14359761171580523
1.1310329788364069
0.1310329490943809
0.13103312397280834
1.1310329714163456
1.1310329681321913
0.13103295092028167
1.1310329812864743
0.13103295182527033
1.1310329873657903
0.13103296822773292
1.1310329758284092
0.13103296298631523
0.1310329516773538
1.1310329976235147
0.13103295123036235
0.1310329548205853
1.1310329849143081
0.1310330067846653
0.1286422384241408
0.12864230146037064
0.12864221802812856
0.12864229017363848
0.12864230333801902
0.128642291694142
0.12864222627247462
0.0746655213882512
0.07466545285574097
0.1286422097066131
0.12864225250296957
0.12864226545701934
0.1286422523146676
0.14359757654078747
0.14359761028531554
0.1435976007445737
0.14359774288155042
1.1310329839405133
0.13103295454234942
0.1310329571367142
1.1310329792079328
1.131032967272618
0.1310329541232659
0.12864220910997343
1.1310329996868627
0.13103295329475573
0.1310329563016385
0.07466548041714906
0.12957740972381024
1.1791242935074178
0.1791244305507141
1.1310722887626345
1.1310722590570266
0.12957741291996466
1.1791247135281537
0.1295774043337916
1.13107228182183
0.13107226368209657
0.1310722553859051
0.1295774080235623
0.13107235631834666
0.11493095850516515
0.11493093288687212
0.1149309089475336
1.1473978545370358
0.14739767454431016
0.1473974920838433
1.147397893502447
1.1473977212961735
1.1473975048171534
1.14739768538841
0.14739748545804496
0.14739771740145186
0.14739748536767985
0.14739760709654487
0.14739763929593042
0.14739748240177247
0.14739747993510927
0.14739760166004873
