7.252873579499663e-10
0.1250001059698242
0.12500013656497286
0.12500011346072715
1.209064395155936
0.20906438924653498
1.2090645248358205
0.13097236391171524
1.130972325741467
0.20906440315428693
1.209064484529381
1.2090644044788885
1.1291821890953262
1.1291821749600044
1.1291821921574945
1.1291821841417742
0.13097236692413303
1.1309723321587075
0.13097231404064705
1.1766731015622636
0.1766730537799595
1.176673097854623
0.1766730740486433
0.13317142921972308
0.1331715151050444
0.13317149039563092
0.1331714964026662
1.1299552351107334
1.1299550739476176
1.1299552276810454
1.1299550748657972
0.13097241841664375
1.1766731080033694
0.1766730817955105
1.129955062225204
1.1299550623173154
0.13317140778496564
0.13317146985456452
0.152133295856781
0.15213332089219567
1.1309109582334764
0.1309109433665463
1.1309109763821414
0.13091091108542144
0.15213333303109505
0.12820184852522992
1.1636312450611612
0.16363111963235694
1.2245975924998487
0.22459752333492075
0.2245975624293611
1.2245976790384776
0.08572620159649996
0.08572619086239136
0.14857331991328251
0.14857334018629878
0.17710814188638221
0.17710814561418056
1.1636313006753962
0.14857332573195003
0.1485733343167562
0.17710814926304483
0.07487202005701994
0.07487195138347172
0.07466544980200689
0.07466545197833034
1.1435977705606934
0.1435976023823057
0.12864221617739974
0.12864223596080282
0.13103296474971027
0.131032971960651
0.1588024599482575
1.1484481504293513
1.1484481814163745
0.08884968868630275
0.1149309364855193
0.1473974836742665
0.11909459964039018
