0.2071067812978534
0.26531847114646995
0.2672570668660269
0.26331409666328665
1.4142135624439502
0.4142135623767309
1.4142135882751417
0.3091438534892755
1.3090858458584895
0.41421356657583264
1.414213615716029
1.41421355954851
1.4375629471250972
1.4365340320297206
1.4365926830106213
1.4364978731807587
0.3093715815273452
1.309839655560463
0.4843134907181901
1.4491205858370866
0.44820183343038955
1.4488805986463353
0.4497054005628132
0.3966959222395138
0.39864178098677744
0.39643868275886307
0.39650018390349073
1.4364916782628394
1.4364916843496074
1.4365967035648979
1.4366103162080217
0.48431348367967364
1.4497641192060222
0.4508231090473305
1.4365031253345262
1.4370894719460838
0.3973974215052521
0.39684047463550337
0.41421356729633335
0.41421357737878534
1.3981308588044734
0.3990955836881955
1.3978742629504226
0.39821254732643246
0.4142135853598124
0.4364917026299616
1.3848132417356191
0.3849761691801338
1.4932729730838434
0.4908140082415974
0.4895633908267196
1.4920011463115443
0.47941031543362456
0.479410292733768
0.42149603945025044
0.4229210238504411
0.44819613455610013
0.44656999735700265
1.3848878897811792
0.42207992231571656
0.4219988357563796
0.44917564266293486
0.2652857744969823
0.2653186492750777
0.32284704671878284
0.32447784829975
1.4212870881352129
0.4175127272036865
0.4364916770790857
0.4364916933486499
0.39769698934533076
0.39787800334160855
0.495069587021507
1.4946378477256634
1.4946378246508607
0.47941026321964314
0.4142135684967668
0.4165916879845993
0.41421351572421217
