0.20710678184333609
0.26062967747584126
0.4142135563204713
1.3092997542029392
1.4364916344617011
1.878492794478199
1.5412414523399955
0.4494897099289865
1.4167604505135907
0.5928488480181382
0.3176509716865371
0.4142135623261351
0.7834231408819212
0.32995742682458795
2.674234614163006
2.9645048154664546
1.5922713726502777
0.5249191744751232
1.6215638793477953
1.5226794526401426
1.4142135623195176
0.43649167173493564
0.7722965594094547
0.5305437044912329
5.726051222238346
4.01300795214026
1.0096065870365278
2.220206328535295
1.1030461664152515
1.01266781409974
2.9409648532081554
1.976890203197442
4.095755350185325
4.29927690500696
0.8814480625293547
3.0742228053288683
0.8721471972107718
1.7310736075551254
2.817638937020085
1.9940267216513559
0.7721620645443834
1.0135273667843425
0.7229782659476665
0.6722436078698358
0.7948726053079423
0.9457465079000957
0.7971654732509313
2.929791675175575
0.9676409742641802
0.6849585887453694
1.6858574826989918
0.6204010977915478
2.8156179207366017
1.8398156422053664
2.643018647393161
0.6546954747692382
0.6682257994533775
2.7546329075658167
2.759604353416515
2.723888553485302
0.5075238493832457
1.6554240489405934
0.5868404761965462
0.5045267063423868
2.5460013738335228
1.6576062974669274
0.599587606885076
0.5281372081846191
1.6317469143618055
1.6385540574870636
1.5096668678765666
1.6883121415943079
2.626317765190416
1.7575890255819764
1.6226410445423827
1.5516483956161697
0.48499460716685094
0.49436346202567255
1.500544259221462
1.638354241103649
1.454825148535159
0.45832066423010603
0.45616438133063997
1.605554299185973
0.441003387634246
5.587588509793449
3.099903290019649
1.0888455034271982
3.4376747389379267
2.065774737806236
1.1148546116281686
4.3414837556737265
2.11103139419519
4.267537634609194
3.998272754301104
5.1693622637120535
1.0579958679797414
2.057335096399705
3.0787113464047895
1.9693522674958772
1.0586712171401247
1.0446893392149486
2.0241706509789603
0.9729897198056299
0.9174221739911599
2.8967546012475696
0.8346587698748636
1.865659128331733
1.8646574329937509
1.843436038900688
3.1496910755530347
2.8534680628509266
1.7888221095360903
2.9061975902194837
2.9967224058151185
3.0035501396815847
2.9229978820414653
4.075650047113072
1.8386757175137016
1.8051815678520555
4.017850565199592
0.7579312223958362
2.828122255232506
0.6846281994304437
2.052256847993281
0.9339702500451112
1.9630265240101623
0.6782076973903657
1.90494277184063
1.7114945897361693
0.7817004390481355
0.7006764403560222
0.8382498533689493
0.7771021712062994
1.9014362951056247
1.6185002443523542
0.6846370733224141
1.8555932317673993
1.7130391911373046
2.773667325283445
1.9538822953294428
2.9627261086773635
1.8406394973851157
1.6388157670382173
2.6075141335494365
1.6607068589970058
2.82910770433237
1.692953984450068
1.7344660909350673
2.7932400320628936
1.5963334976706927
2.7239752802359534
2.8052714912662067
2.774935401243849
2.807144811185282
2.4842049484149538
0.49532367939776906
0.6201097599654035
0.5065052606156035
1.490928479882898
1.637589223459023
0.5104835218987025
2.6239904582285676
0.6192866459456123
0.647534475207856
1.5141200232736645
0.6166676563178741
1.6212850073848875
1.6270261844104241
0.4640326326856644
1.480000075233298
1.5142177131088046
1.4602569323179775
1.4299003215144899
