1.4171787272587721e-06
0.005735650239154733
0.012195403094621055
1.0183044449742167
1.0249116663702265
1.0270313196013316
1.042910200041345
0.014871475414743734
1.0255667397139672
0.02249828589957223
0.015986857871875176
0.028843385586272252
0.02426336884938385
0.029281762049059745
2.020574508682356
2.027356191621221
1.0096179500073164
0.030630682010474086
1.0358190742923783
1.0181729323628421
1.01889039007232
0.011764410327126662
0.016453406725607855
0.006821353074138961
4.0095191972794915
3.0191301286105032
0.011316042602489557
1.001577767212762
0.009662196970434855
0.016114807986880947
2.0166741143936173
1.0060156251148624
3.0086934184396097
3.018222394346557
0.022997059230983774
2.007925787507391
0.010250035574406957
1.0121454023630243
2.016119264490873
1.0221820259845795
0.032109353996636725
0.005793919107490164
0.014422099703002844
0.012388424407606458
0.002998428413196197
0.012614796508064408
0.017136234145288892
2.017388482264175
0.010538373207538976
0.013051041365219174
1.0259534935091832
0.021544659126087384
2.0121304320607343
1.0129266219045505
2.022145010422092
0.020660876843984266
0.01362607119116091
2.0161438351075645
2.010964543007379
2.011268237967038
0.02335780390785852
1.0114759129651796
0.02636107521037137
0.026616802107547355
2.01413260048444
1.0118604669015252
0.009388194246927106
0.013856965577692087
1.0117798874947317
1.018546538064077
1.0071501171733435
1.0170266193677553
2.009763017494367
1.0103445210525388
1.0219106005266538
1.0106664355502741
0.010261592588115771
0.03062065923462795
1.0132820170944936
1.014370461418921
1.0138258819447006
0.01715732305537232
0.006271699793424991
1.0111864569555538
0.013144777669850477
4.004803003884957
2.0178724965168184
0.017201783583727148
2.0134603323624045
1.0065041725067323
0.010476654964499732
3.011880788177268
1.0169113326364083
3.004988984560653
3.0022183836568037
4.0033314704775576
0.003730528984822845
1.0021259868468462
2.0042450151276245
1.0160681847384105
0.01018539695712295
0.008926674897185988
1.0083239167668174
0.009333487100899651
0.020013595199294354
2.0102248343096107
0.011583562495711658
1.0071467458828267
1.0071203763774363
1.0052693783501234
2.011898405257827
2.006864110664598
1.0118663970780744
2.0117349060609073
2.005679746156265
2.0119918627921356
2.0142456919733362
3.012122283708462
1.0181807222847337
1.012635721769573
3.0140205118498358
0.024598508720095114
2.0137550221965124
0.01944911348460787
1.0417511171634928
0.013438350757762868
1.021772029954128
0.015673905044860492
1.0286119617421277
1.0221593933122521
0.015998766466043646
0.015793017647779628
0.008978495832980299
0.007028840357345301
1.0204021211169798
1.0109992809491763
0.018257707273775403
1.0068194243025963
1.0113515475108352
2.005813342755097
1.0199866004747
2.010220811331474
1.0143497821903136
1.014630566712548
2.0156851277407135
1.0037463210231778
2.0117934034413056
1.0160537061871824
1.0074872194126705
2.006537542899737
1.017995710221359
2.0099790057416578
2.0086670014038748
2.013312060936358
2.013718143981757
2.013830596290946
0.017719316187473515
0.02313401372743204
0.013181157616529382
1.0088322294750558
1.0126905004912639
0.023860446617066655
2.004756932809233
0.026858645890843663
0.015424627532019619
1.0122752569769295
0.02485352468495816
1.0120102060837919
1.0096094910233995
0.024386521187764437
1.01620635017676
1.0128225365270633
1.0130780134579696
1.0156910663821268
