1.48356601656352e-08
0.12500006599973124
0.20906439133806895
1.1309723683009558
1.1291821848111465
1.1431295830759436
1.1291821865723992
0.2114730401934688
1.3631298800784823
0.13896827941504733
0.16800835586271665
0.21924732890900814
0.7684564494669649
0.22978747262224464
2.371130911882128
2.2676092050443097
1.2268712587053594
0.5192143375152722
1.205999450545366
1.2138097075687537
1.219997510632905
0.13174512950970568
0.5205709461576433
0.14742577208659463
4.368389871396756
3.550632325135252
0.2813819605010312
1.4418740121692912
0.41535666955917444
0.3724006055163475
2.338044639171051
1.278744683561545
3.3239789815156047
3.2574705283729375
0.2971257483300568
2.2794101493395003
0.29854423428837856
1.2556586851252445
2.290382085057069
1.2631369729351047
0.5966000957978972
0.1870080752876355
0.33628106090526677
0.2966519566301218
0.2719743732438247
0.2791081396364685
0.348715608998075
2.4280706215584456
0.29450200107735636
0.22962931431672784
1.2786760596825417
0.1697679983556052
2.2861095783887615
1.2077673067745347
2.394163410642728
0.20683207575831186
0.27656152287050983
2.2920388795247324
2.2862669781391913
2.3223161534969456
0.48932047878166085
1.524774186111235
0.1435205770758706
0.33325913293700693
2.3786805342763175
1.252026117169525
0.1397018338169439
0.2582936738607426
1.2527820595472954
1.2439081778549648
1.285592585579266
1.2247422039012401
2.237912185421428
1.1606075197844061
1.2065768145543463
1.2619672020063926
0.2657067476747578
0.2593242584891571
1.17646258493986
1.1508536458289833
1.290743367161014
0.28070357428678133
0.15339330604836598
1.1576356764328892
0.1872055454601509
4.383158851677672
2.4175335067931867
0.40590838206251867
2.292882677041016
1.3827654345946818
0.35672623541602755
3.385704421207642
1.3882576449024242
3.304687346905115
3.4680939920669234
4.434801643419915
0.34213153172232824
1.3598386996176774
2.3698349156076746
1.3981717590447071
0.4082780861031725
0.34846403674849163
1.3053490891806763
0.44641254248842444
0.37522407351443554
2.369621590610862
0.38287441796542415
1.3757068485744337
1.369322184981629
1.2768342423711623
2.2729585847584897
2.357631896025098
1.2772382789793317
2.317548133315653
2.312756246389328
2.2695376120762853
2.279098914879796
3.391889447875281
1.4137912726680917
1.3292880807793388
3.2808922337257584
0.6922701266518712
2.397472072617652
0.3960802008554397
1.2857988742561082
0.22041494064244188
1.3025299782307933
0.48001596509347
1.340236766848927
1.4197517863278577
0.338814711786646
0.2730362021175991
0.17261277913358974
0.280156120676728
1.3390272877721459
1.2838005557612684
0.24893910957152632
1.2625297163996836
1.290836001263795
2.322832542522228
1.2753026700943697
2.2173680530093867
1.2201604774116013
1.3799901683299771
2.3295330439103306
1.2445897655454246
2.1837412072467783
1.2202476370413071
1.2644587032215313
2.3168306163057464
1.299605272944547
2.2710920497420677
2.266499316462623
2.2613950317034885
2.2597156421083193
2.3360368204556674
0.4529253645041116
0.4579605156163334
0.45610902080405336
1.3987948853483076
1.24614454773325
0.3332703319090613
2.23195708515847
0.19662177043964116
0.2591650462025784
1.2732121537684886
0.1952193307019145
1.188122301075867
1.1798238553518976
0.2714963276606643
1.210691490222779
1.193857979670128
1.2026383639449651
1.1865708797912262
